1.40926
1.42009
1.4007
1.42134
1.4099
1.43615
1.41875
1.40074
1.3962
1.433
1.4136
1.41995
1.4091
1.4136
1.4063
1.42105
1.41815
1.4328
1.4274
1.4243
1.40599
1.40085
1.41129
1.4114
1.40464
1.4255
1.4109
1.40231
1.42181
1.4086
1.3923
1.4058
1.42069
1.40561
1.40955
1.41515
1.39145
1.39205
1.39345
1.40574
1.4032
1.4044
1.40045
1.39104
1.39475
1.39021
1.4124
1.40619
1.40176
1.3944
1.39204
1.3921
1.3922
1.4053
1.39199
1.3919
1.39185
1.3916
1.39035
1.3913
1.39204
1.3918
1.39301
1.39409
1.3939
1.39885
1.39245
1.39375
1.40315
1.42475
1.3924
1.3919
1.39614
1.3907
1.3989
1.4122
1.4055
1.40586
1.41075
1.40444
1.40646
1.4094
1.40954
1.4008
1.4117
1.4053
1.4086
1.39935
1.39965
1.40214
1.41035
1.4105
1.4001
1.4002
1.40435
1.3935
1.39661
1.39885
1.40735
1.4134
